3 0 50 1074 
3 0 100 1074 
4 0 200 21554 
4 0 400 21554 
5 0 800 414770 
5 0 1000 414770 
5 0 2000 414770 
6 0 4000 7.7548e+06 
6 0 8000 7.7548e+06 
7 0 16000 1.41973e+08 
7 0 32000 1.41973e+08 
8 0 64000 1.95734e+08 
8 0 128000 1.98482e+08 
3 1 50 1811 1 16 256 
3 1 100 2837 1 16 256 
4 1 200 33545 1 16 256 4096 
4 1 400 50161 1 16 256 4096 
5 1 800 607425 1 16 256 4096 65536 
5 1 1000 623785 1 16 256 4096 65536 
5 1 2000 972593 1 16 256 4096 65536 
6 1 4000 1.1103e+07 1 16 256 4096 65536 1.04858e+06 
6 1 8000 1.6688e+07 1 16 256 4096 65536 1.04858e+06 
7 1 16000 1.94234e+08 0 15 254 4068 65098 1.04157e+06 1.66651e+07 
7 1 32000 1.90713e+08 0 10 171 2741 43871 701936 1.1231e+07 
8 1 64000 2.11271e+08 0 0 15 253 4054 64871 1.03794e+06 1.6607e+07 
8 1 128000 2.03184e+08 0 0 10 171 2748 43977 703644 1.12583e+07 
3 2 50 7909 2501 2336 3072 
3 2 100 30017 10001 10032 9984 
4 2 200 170913 40001 40032 37632 53248 
4 2 400 644641 160001 160032 160768 163840 
5 2 800 3.44451e+06 640001 640032 640768 606208 917504 
5 2 1000 4.84035e+06 1e+06 1.00003e+06 984832 937984 917504 
5 2 2000 1.94924e+07 4e+06 4.00003e+06 4.00077e+06 3.95264e+06 3.53894e+06 
6 2 4000 9.45641e+07 1.6e+07 1.6e+07 1.60008e+07 1.57614e+07 1.50733e+07 1.57286e+07 
6 2 8000 2.22716e+08 0 4.4e+07 4.57505e+07 4.60118e+07 4.55025e+07 4.14515e+07 
7 2 16000 2.14706e+08 0 3.2e+07 3.60001e+07 3.68149e+07 3.63346e+07 3.48902e+07 3.86662e+07 
7 2 32000 2.22181e+08 0 0 4.4e+07 4.55007e+07 4.56396e+07 4.51782e+07 4.1862e+07 
8 2 64000 2.06553e+08 0 0 3.2e+07 3.40001e+07 3.46903e+07 3.42072e+07 3.29841e+07 3.86713e+07 
8 2 128000 2.12723e+08 0 0 0 4e+07 4.40009e+07 4.40169e+07 4.36142e+07 4.10911e+07 
3 3 50 160361 
3 3 100 1.3061e+06 
4 3 200 1.05701e+07 
4 3 400 2.09019e+07 
5 3 800 3.42981e+07 
5 3 1000 4.12316e+07 
5 3 2000 4.0303e+07 
6 3 4000 2.52525e+07 
6 3 8000 3.83542e+07 
7 3 16000 2.52613e+07 
7 3 32000 4.03117e+07 
8 3 64000 4.24651e+07 
8 3 128000 4.03161e+07 
