5 0 50 20 
6 0 100 27 
7 0 200 35 
8 0 400 44 
9 0 800 54 
9 0 1000 54 
10 0 2000 65 
11 0 4000 77 
12 0 8000 90 
13 0 16000 104 
14 0 32000 119 
15 0 64000 135 
16 0 128000 152 
5 1 50 111 1 1 1 1 1 
6 1 100 217 1 1 1 1 1 1 
7 1 200 424 1 1 1 1 1 1 1 
8 1 400 832 1 1 1 1 1 1 1 1 
9 1 800 1641 1 1 1 1 1 1 1 1 1 
9 1 1000 2038 1 1 1 1 1 1 1 1 1 
10 1 2000 4048 1 1 1 1 1 1 1 1 1 1 
11 1 4000 8059 1 1 1 1 1 1 1 1 1 1 1 
12 1 8000 16071 1 1 1 1 1 1 1 1 1 1 1 1 
13 1 16000 32084 1 1 1 1 1 1 1 1 1 1 1 1 1 
14 1 32000 64098 1 1 1 1 1 1 1 1 1 1 1 1 1 1 
15 1 64000 128113 1 1 1 1 1 1 1 1 1 1 1 1 1 1 1 
16 1 128000 256129 1 1 1 1 1 1 1 1 1 1 1 1 1 1 1 1 
5 2 50 3329 2501 627 147 40 14 
6 2 100 13335 10001 2502 628 148 41 15 
7 2 200 53342 40001 10002 2503 629 149 42 16 
8 2 400 213350 160001 40002 10003 2504 630 150 43 17 
9 2 800 853359 640001 160002 40003 10004 2505 631 151 44 18 
9 2 1000 1.33326e+06 1e+06 250002 62503 15629 3849 967 232 57 18 
10 2 2000 5.33327e+06 4e+06 1e+06 250003 62504 15630 3850 968 233 58 19 
11 2 4000 2.13333e+07 1.6e+07 4e+06 1e+06 250004 62505 15631 3851 969 234 59 20 
12 2 8000 8.53333e+07 6.4e+07 1.6e+07 4e+06 1e+06 250005 62506 15632 3852 970 235 60 21 
13 2 16000 8.53333e+07 0 6.4e+07 1.6e+07 4e+06 1e+06 250006 62507 15633 3853 971 236 61 22 
14 2 32000 8.53333e+07 0 0 6.4e+07 1.6e+07 4e+06 1.00001e+06 250007 62508 15634 3854 972 237 62 23 
15 2 64000 8.53333e+07 0 0 0 6.4e+07 1.6e+07 4.00001e+06 1.00001e+06 250008 62509 15635 3855 973 238 63 24 
16 2 128000 8.53333e+07 0 0 0 0 6.4e+07 1.6e+07 4.00001e+06 1.00001e+06 250009 62510 15636 3856 974 239 64 25 
5 3 50 142611 
6 3 100 1.14262e+06 
7 3 200 9.14262e+06 
8 3 400 9.14263e+06 
9 3 800 9.14264e+06 
9 3 1000 1.785e+07 
10 3 2000 1.785e+07 
11 3 4000 1.785e+07 
12 3 8000 1.78501e+07 
13 3 16000 1.78501e+07 
14 3 32000 1.78501e+07 
15 3 64000 1.78501e+07 
16 3 128000 1.78501e+07 
