5 0 50 50 
6 0 100 96 
7 0 200 180 
8 0 400 331 
9 0 800 600 
9 0 1000 600 
10 0 2000 1075 
11 0 4000 1908 
12 0 8000 3360 
13 0 16000 5878 
14 0 32000 10225 
15 0 64000 17700 
16 0 128000 30509 
5 1 50 170 1 2 4 4 1 
6 1 100 366 1 2 4 7 5 1 
7 1 200 769 1 2 4 8 11 6 1 
8 1 400 1589 1 2 4 8 15 16 7 1 
9 1 800 3246 1 2 4 8 16 26 22 8 1 
9 1 1000 3889 1 2 4 8 16 26 22 8 1 
10 1 2000 7924 1 2 4 8 16 31 42 29 9 1 
11 1 4000 16045 1 2 4 8 16 32 57 64 37 10 1 
12 1 8000 32345 1 2 4 8 16 32 63 99 93 46 11 1 
13 1 16000 64999 1 2 4 8 16 32 64 120 163 130 56 12 1 
14 1 32000 130330 1 2 4 8 16 32 64 127 219 256 176 67 13 1 
15 1 64000 260925 1 2 4 8 16 32 64 128 247 382 386 232 79 14 1 
16 1 128000 521838 1 2 4 8 16 32 64 128 255 466 638 562 299 92 15 1 
5 2 50 3604 2501 773 237 79 14 
6 2 100 14510 10001 3129 961 307 97 15 
7 2 200 58147 40001 12504 3906 1206 397 117 16 
8 2 400 232711 160001 50004 15637 4875 1528 510 139 17 
9 2 800 930946 640001 200004 62512 19551 6097 1951 649 163 18 
9 2 1000 1.45356e+06 1e+06 312504 97606 30297 9323 2822 808 176 18 
10 2 2000 5.81669e+06 4e+06 1.25e+06 390637 121900 37796 11620 3520 989 202 19 
11 2 4000 2.32705e+07 1.6e+07 5e+06 1.56251e+06 488251 152213 47151 14499 4392 1202 230 20 
12 2 8000 9.30875e+07 6.4e+07 2e+07 6.25001e+06 1.95316e+06 610167 190041 58834 18118 5474 1450 260 21 
13 2 16000 1.16359e+08 0 8e+07 2.5e+07 7.81253e+06 2.44142e+06 762412 237256 73453 22673 6806 1736 292 22 
14 2 32000 2.09447e+08 0 6.4e+07 1e+08 3.125e+07 9.7657e+06 3.05162e+06 952517 296217 91790 28403 8432 2063 326 23 
14 2 64000 1.16359e+08 0 0 8e+07 2.5e+07 7.81254e+06 2.44144e+06 762444 237320 73573 22836 6936 1792 304 23 
15 2 128000 2.09448e+08 0 0 6.4e+07 1e+08 3.125e+07 9.76572e+06 3.05166e+06 952581 296344 92009 28659 8608 2130 339 24 
5 3 50 144902 
6 3 100 1.16281e+06 
7 3 200 9.30774e+06 
8 3 400 1.04706e+07 
9 3 800 1.97784e+07 
9 3 1000 3.85918e+07 
9 3 2000 2.04275e+07 
10 3 4000 3.85919e+07 
10 3 8000 2.04276e+07 
11 3 16000 3.8592e+07 
11 3 32000 2.04276e+07 
12 3 64000 3.85921e+07 
12 3 128000 2.04277e+07 
