5 0 50 160 
6 0 100 384 
7 0 200 896 
8 0 400 2048 
9 0 800 4608 
9 0 1000 4608 
10 0 2000 10240 
11 0 4000 22528 
12 0 8000 49152 
13 0 16000 106496 
14 0 32000 229376 
15 0 64000 491520 
16 0 128000 1.04858e+06 
5 1 50 373 1 2 4 8 16 
6 1 100 909 1 2 4 8 16 32 
7 1 200 2145 1 2 4 8 16 32 64 
8 1 400 4945 1 2 4 8 16 32 64 128 
9 1 800 11201 1 2 4 8 16 32 64 128 256 
9 1 1000 12705 1 2 4 8 16 32 64 128 256 
10 1 2000 28433 1 2 4 8 16 32 64 128 256 512 
11 1 4000 62913 1 2 4 8 16 32 64 128 256 512 1024 
12 1 8000 137921 1 2 4 8 16 32 64 128 256 512 1024 2048 
13 1 16000 300033 1 2 4 8 16 32 64 128 256 512 1024 2048 4096 
14 1 32000 648449 1 2 4 8 16 32 64 128 256 512 1024 2048 4096 8192 
15 1 64000 1.39366e+06 1 2 4 8 16 32 64 128 256 512 1024 2048 4096 8192 16384 
16 1 128000 2.98086e+06 1 2 4 8 16 32 64 128 256 512 1024 2048 4096 8192 16384 32768 
5 2 50 4887 2501 1254 588 320 224 
6 2 100 19837 10001 5004 2512 1184 656 480 
7 2 200 79801 40001 20004 10012 5032 2384 1344 1024 
8 2 400 319857 160001 80004 40012 20032 10080 4800 2752 2176 
9 2 800 1.28022e+06 640001 320004 160012 80032 40080 20192 9664 5632 4608 
9 2 1000 1.99433e+06 1e+06 500004 250012 125032 61584 30944 14848 7296 4608 
10 2 2000 7.98968e+06 4e+06 2e+06 1.00001e+06 500032 250080 123200 61952 29824 14848 9728 
11 2 4000 3.19814e+07 1.6e+07 8e+06 4.00001e+06 2.00003e+06 1.00008e+06 500192 246464 124032 59904 30208 20480 
12 2 8000 1.27967e+08 6.4e+07 3.2e+07 1.6e+07 8.00003e+06 4.00008e+06 2.00019e+06 1.00045e+06 493056 248320 120320 61440 43008 
13 2 16000 1.91942e+08 0 6.4e+07 6.4e+07 3.2e+07 1.60001e+07 8.00019e+06 4.00045e+06 2.00102e+06 986368 497152 241664 124928 90112 
14 2 32000 1.9195e+08 0 0 6.4e+07 6.4e+07 3.2e+07 1.60001e+07 8.00022e+06 4.00051e+06 2.00115e+06 986624 497664 242688 126976 94208 
15 2 64000 1.91958e+08 0 0 0 6.4e+07 6.4e+07 3.2e+07 1.60001e+07 8.00026e+06 4.00058e+06 2.00128e+06 986880 498176 243712 129024 98304 
16 2 128000 1.91967e+08 0 0 0 0 6.4e+07 6.4e+07 3.20001e+07 1.60001e+07 8.00029e+06 4.00064e+06 2.00141e+06 987136 498688 244736 131072 102400 
5 3 50 165451 
6 3 100 1.33096e+06 
7 3 200 1.06621e+07 
8 3 400 2.13244e+07 
9 3 800 2.13246e+07 
9 3 1000 4.15812e+07 
10 3 2000 4.15815e+07 
11 3 4000 4.15817e+07 
12 3 8000 4.1582e+07 
13 3 16000 4.15822e+07 
14 3 32000 4.15825e+07 
15 3 64000 4.15828e+07 
16 3 128000 4.1583e+07 
