5 0 50 1934 
6 0 100 9102 
7 0 200 41870 
8 0 400 189326 
9 0 800 844686 
9 0 1000 844686 
10 0 2000 3.72827e+06 
11 0 4000 1.63112e+07 
12 0 8000 7.08371e+07 
13 0 16000 3.05718e+08 
14 0 32000 6.10012e+08 
15 0 64000 6.46541e+08 
16 0 128000 7.05316e+08 
5 1 50 3087 1 4 16 64 256 
6 1 100 13813 1 4 16 64 256 1024 
7 1 200 60913 1 4 16 64 256 1024 4096 
8 1 400 265897 1 4 16 64 256 1024 4096 16384 
9 1 800 1.15177e+06 1 4 16 64 256 1024 4096 16384 65536 
9 1 1000 1.19266e+06 1 4 16 64 256 1024 4096 16384 65536 
10 1 2000 5.12215e+06 1 4 16 64 256 1024 4096 16384 65536 262144 
11 1 4000 2.18907e+07 1 4 16 64 256 1024 4096 16384 65536 262144 1.04858e+06 
12 1 8000 9.31633e+07 1 4 16 64 256 1024 4096 16384 65536 262144 1.04858e+06 4.1943e+06 
13 1 16000 3.95039e+08 1 4 16 64 256 1024 4096 16384 65536 262144 1.04858e+06 4.1943e+06 1.67772e+07 
14 1 32000 4.3512e+08 0 1 4 16 66 266 1067 4269 17079 68317 273272 1.09309e+06 4.37235e+06 1.74894e+07 
15 1 64000 4.80604e+08 0 0 1 4 17 69 279 1119 4476 17905 71621 286485 1.14594e+06 4.58376e+06 1.83351e+07 
16 1 128000 5.04707e+08 0 0 0 1 4 17 69 279 1118 4473 17893 71572 286290 1.14516e+06 4.58064e+06 1.83226e+07 
5 2 50 13505 2501 2508 2352 2560 3584 
6 2 100 65385 10001 10008 10048 9472 10496 15360 
7 2 200 307001 40001 40008 40048 40256 38144 43008 65536 
8 2 400 1.40985e+06 160001 160008 160048 160256 161280 153600 176128 278528 
9 2 800 6.36678e+06 640001 640008 640048 640256 641280 646144 618496 720896 1.17965e+06 
9 2 1000 9.03967e+06 1e+06 1.00001e+06 1.00005e+06 1.00026e+06 985344 990208 950272 933888 1.17965e+06 
10 2 2000 4.05082e+07 4e+06 4.00001e+06 4.00005e+06 4.00026e+06 4.00128e+06 3.9424e+06 3.96493e+06 3.81747e+06 3.80109e+06 4.98074e+06 
11 2 4000 1.79431e+08 1.6e+07 1.6e+07 1.6e+07 1.60003e+07 1.60013e+07 1.60061e+07 1.57737e+07 1.58761e+07 1.53354e+07 1.54665e+07 2.09715e+07 
12 2 8000 2.36339e+08 0 1.6e+07 2e+07 2.10001e+07 2.15004e+07 2.15646e+07 2.16347e+07 2.13247e+07 2.14797e+07 2.08154e+07 2.12582e+07 2.97615e+07 
13 2 16000 2.38181e+08 0 0 1.6e+07 2e+07 2.10001e+07 2.15005e+07 2.15649e+07 2.16204e+07 2.13225e+07 2.1496e+07 2.08985e+07 2.16071e+07 3.1171e+07 
14 2 32000 2.38685e+08 0 0 0 1.6e+07 2e+07 2.10001e+07 2.12506e+07 2.14402e+07 2.14655e+07 2.11739e+07 2.13626e+07 2.08359e+07 2.1803e+07 3.23529e+07 
15 2 64000 2.39116e+08 0 0 0 0 1.6e+07 2e+07 2.10001e+07 2.12507e+07 2.12531e+07 2.12792e+07 2.09905e+07 2.11929e+07 2.07362e+07 2.19562e+07 3.34571e+07 
16 2 128000 2.43529e+08 0 0 0 0 0 1.6e+07 2e+07 2.10002e+07 2.15008e+07 2.1566e+07 2.15777e+07 2.12928e+07 2.15137e+07 2.11168e+07 2.2619e+07 3.53423e+07 
5 3 50 237477 
6 3 100 1.95127e+06 
7 3 200 1.58106e+07 
8 3 400 3.9448e+07 
9 3 800 3.94644e+07 
9 3 1000 4.2358e+07 
10 3 2000 4.26638e+07 
11 3 4000 4.23784e+07 
12 3 8000 4.27517e+07 
13 3 16000 4.23989e+07 
14 3 32000 4.19641e+07 
15 3 64000 4.24194e+07 
16 3 128000 4.269e+07 
