5 0 50 27418 
6 0 100 256794 
7 0 200 2.35395e+06 
8 0 400 2.12283e+07 
9 0 800 1.89e+08 
9 0 1000 1.89e+08 
10 0 2000 3.5039e+08 
11 0 4000 3.99209e+08 
12 0 8000 4.32106e+08 
13 0 16000 4.66479e+08 
14 0 32000 5.01264e+08 
15 0 64000 5.33426e+08 
16 0 128000 5.6533e+08 
5 1 50 39115 1 8 64 512 4096 
6 1 100 350469 1 8 64 512 4096 32768 
7 1 200 3.10354e+06 1 8 64 512 4096 32768 262144 
8 1 400 2.72255e+07 1 8 64 512 4096 32768 262144 2.09715e+06 
9 1 800 2.36979e+08 1 8 64 512 4096 32768 262144 2.09715e+06 1.67772e+07 
9 1 1000 2.40125e+08 1 8 64 512 4096 32768 262144 2.09715e+06 1.67772e+07 
10 1 2000 3.3127e+08 0 1 10 81 654 5232 41863 334904 2.67924e+06 2.14339e+07 
11 1 4000 3.54732e+08 0 0 1 10 81 652 5217 41741 333932 2.67146e+06 2.13717e+07 
12 1 8000 3.77684e+08 0 0 0 1 10 81 649 5197 41579 332634 2.66107e+06 2.12886e+07 
13 1 16000 3.74693e+08 0 0 0 0 1 9 75 605 4844 38753 310028 2.48023e+06 1.98419e+07 
14 1 32000 4.21008e+08 0 0 0 0 0 1 10 80 641 5132 41058 328471 2.62777e+06 2.10222e+07 
15 1 64000 4.52853e+08 0 0 0 0 0 0 1 10 81 652 5222 41780 334243 2.67394e+06 2.13916e+07 
16 1 128000 4.77957e+08 0 0 0 0 0 0 0 1 10 81 653 5229 41837 334703 2.67763e+06 2.1421e+07 
5 2 50 94749 2501 5016 9408 20480 57344 
6 2 100 805441 10001 20016 40192 75776 167936 491520 
7 2 200 6.78312e+06 40001 80016 160192 322048 610304 1.37626e+06 4.1943e+06 
8 2 400 5.68217e+07 160001 320016 640192 1.28205e+06 2.58048e+06 4.9152e+06 1.12722e+07 3.56516e+07 
9 2 800 2.42996e+08 0 640008 1.2801e+06 2.62105e+06 5.263e+06 1.06077e+07 2.03081e+07 4.73411e+07 1.54934e+08 
9 2 1000 2.37088e+08 0 750006 1.68758e+06 3.48527e+06 6.87816e+06 1.38252e+07 2.65364e+07 5.21579e+07 1.31767e+08 
10 2 2000 2.36488e+08 0 0 750009 1.6251e+06 3.36045e+06 6.62585e+06 1.33323e+07 2.56743e+07 5.11284e+07 1.33992e+08 
11 2 4000 2.34888e+08 0 0 0 750012 1.56262e+06 3.21999e+06 6.3657e+06 1.28179e+07 2.47633e+07 4.99503e+07 1.35459e+08 
12 2 8000 2.52385e+08 0 0 0 0 750015 1.62516e+06 3.36088e+06 6.62544e+06 1.33482e+07 2.58712e+07 5.28433e+07 1.47961e+08 
13 2 16000 2.74595e+08 0 0 0 0 0 750018 1.7502e+06 3.53306e+06 6.98549e+06 1.40892e+07 2.73954e+07 5.66481e+07 1.63444e+08 
14 2 32000 2.81511e+08 0 0 0 0 0 0 750021 1.75022e+06 3.51765e+06 6.94876e+06 1.4024e+07 2.73564e+07 5.72528e+07 1.69911e+08 
15 2 64000 2.91928e+08 0 0 0 0 0 0 0 750024 1.75025e+06 3.53351e+06 7.00068e+06 1.41357e+07 2.76613e+07 5.85769e+07 1.7852e+08 
16 2 128000 3.00542e+08 0 0 0 0 0 0 0 0 750027 1.75028e+06 3.54937e+06 7.0025e+06 1.41542e+07 2.77869e+07 5.95268e+07 1.86021e+08 
5 3 50 604513 
6 3 100 5.87355e+06 
7 3 200 4.36788e+07 
8 3 400 4.42211e+07 
9 3 800 4.09013e+07 
9 3 1000 4.28157e+07 
10 3 2000 4.34494e+07 
11 3 4000 4.40196e+07 
12 3 8000 4.34822e+07 
13 3 16000 4.39409e+07 
14 3 32000 4.4414e+07 
15 3 64000 4.46759e+07 
16 3 128000 4.48446e+07 
