5 0 50 35890 
6 0 100 371250 
7 0 200 3.7653e+06 
8 0 400 3.76146e+07 
9 0 800 1.93529e+08 
9 0 1000 1.95075e+08 
9 0 2000 2.04141e+08 
10 0 4000 2.23498e+08 
10 0 8000 2.26882e+08 
11 0 16000 2.45138e+08 
11 0 32000 2.48372e+08 
12 0 64000 2.63383e+08 
12 0 128000 2.70944e+08 
5 1 50 51515 1 16 256 2048 4096 
6 1 100 510365 1 16 256 3584 20480 32768 
7 1 200 5.00342e+06 1 16 256 4096 45056 196608 262144 
8 1 400 4.86329e+07 1 16 256 4096 61440 524288 1.83501e+06 2.09715e+06 
9 1 800 1.99841e+08 0 10 175 2810 44972 543424 3.1268e+06 7.49163e+06 6.11123e+06 
9 1 1000 2.04918e+08 0 10 175 2814 45033 544415 3.1406e+06 7.56934e+06 6.2338e+06 
9 1 2000 2.10144e+08 0 3 63 1016 16268 243919 2.07129e+06 7.1905e+06 8.14683e+06 
10 1 4000 2.22746e+08 0 0 10 175 2814 45037 544474 3.14155e+06 7.57659e+06 6.24773e+06 
10 1 8000 2.28416e+08 0 0 3 63 1017 16283 244153 2.07452e+06 7.20774e+06 8.17224e+06 
11 1 16000 2.41295e+08 0 0 0 10 175 2815 45055 544763 3.14565e+06 7.60127e+06 6.2889e+06 
11 1 32000 2.43212e+08 0 0 0 3 62 1006 16109 241368 2.04788e+06 7.11739e+06 8.08147e+06 
12 1 64000 2.58927e+08 0 0 0 0 10 175 2815 45055 544763 3.14566e+06 7.60133e+06 6.28909e+06 
12 1 128000 2.60257e+08 0 0 0 0 3 62 1006 16104 241290 2.04664e+06 7.10759e+06 8.06222e+06 
5 2 50 121645 2501 6184 15168 40448 57344 
6 2 100 1.14255e+06 10001 25032 61504 157184 397312 491520 
7 2 200 1.06618e+07 40001 100032 249984 617472 1.62611e+06 3.83386e+06 4.1943e+06 
8 2 400 9.91168e+07 160001 400032 1.00077e+06 2.496e+06 6.25869e+06 1.67117e+07 3.6438e+07 3.56516e+07 
9 2 800 2.00472e+08 0 480018 1.25045e+06 3.15082e+06 7.84222e+06 2.06702e+07 5.20929e+07 7.72362e+07 3.77487e+07 
9 2 1000 1.90583e+08 0 500016 1.68394e+06 4.30288e+06 1.05429e+07 2.51204e+07 5.29918e+07 6.76457e+07 2.77955e+07 
9 2 2000 2.0607e+08 0 250002 1.06259e+06 2.78186e+06 6.86769e+06 1.67203e+07 3.93223e+07 7.35952e+07 6.54705e+07 
10 2 4000 2.08525e+08 0 0 500024 1.74658e+06 4.42973e+06 1.08823e+07 2.62775e+07 5.68072e+07 7.48847e+07 3.29974e+07 
10 2 8000 2.13667e+08 0 0 250003 1.06262e+06 2.76671e+06 6.86282e+06 1.68068e+07 4.02107e+07 7.67178e+07 6.89892e+07 
11 2 16000 2.1786e+08 0 0 0 500032 1.74673e+06 4.43201e+06 1.09468e+07 2.6772e+07 5.90402e+07 7.90409e+07 3.53818e+07 
11 2 32000 2.21363e+08 0 0 0 250004 1.06264e+06 2.76719e+06 6.86663e+06 1.69073e+07 4.11294e+07 7.98808e+07 7.24992e+07 
12 2 64000 2.26752e+08 0 0 0 0 500040 1.74687e+06 4.44993e+06 1.10066e+07 2.72475e+07 6.12316e+07 8.30669e+07 3.7503e+07 
12 2 128000 2.3036e+08 0 0 0 0 250005 1.06267e+06 2.7833e+06 6.89745e+06 1.70852e+07 4.22456e+07 8.3504e+07 7.65314e+07 
5 3 50 695921 
6 3 100 7.14398e+06 
7 3 200 4.38706e+07 
7 3 400 4.33102e+07 
8 3 800 4.40957e+07 
8 3 1000 4.28752e+07 
8 3 2000 4.20449e+07 
9 3 4000 4.28595e+07 
9 3 8000 4.26039e+07 
10 3 16000 4.33205e+07 
10 3 32000 4.40585e+07 
11 3 64000 4.35431e+07 
11 3 128000 4.38333e+07 
